[0.5 2.5 5.5]
[1.79381 3.91698 1.69477]
[5.72661 2.64754 1.27135]
[5.23173 0.503475 4.45089]
[8.31144 3.433 5.06188]
[8.21551 4.29356 3.53932]
[9.1658 3.64447 0.42517]
[11.3497 0.660696 1.49427]
[10.6207 1.2717 2.56767]
[13.2506 1.57648 5.86586]
[12.7726 4.73857 4.80332]
[13.8971 3.61948 4.93224]
[13.8095 2.65885 3.47882]
[14.5378 3.49583 2.65859]
[15.9114 2.85958 0.0166899]
[17.31 4.8687 0.880867]
[17.4548 4.76278 1.53013]
[16.2464 3.43544 1.7209]
[16.5544 4.47806 3.35177]
[18.6832 2.98592 5.36163]
[19.1806 2.27446 4.81036]
[17.5449 0.173151 4.93718]
[17.1921 1.59116 5.70274]
[16 2.5 5.5]