[0.5 1 4.9]
[0.828767 1.51181 0.732319]
[0.697266 5.72142 0.6941]
[0.199119 9.44796 2.59262]
[0.137361 13.3223 4.24346]
[0.422697 17.0345 2.27428]
[0.316231 18.9315 1.00377]
[0.231464 19.2632 1.85025]
[0.646829 18.8958 2.79284]
[0.560934 19.2182 3.02892]
[1.67857 19.1574 3.97271]
[1.9097 18.7258 3.16553]
[1.88831 18.3516 2.23028]
[1.81519 17.4443 2.10899]
[1.59435 17.0201 1.83625]
[1.96637 16.4317 2.00712]
[1.51 16.2512 1.71542]
[1.49963 15.7438 1.73405]
[1.77728 15.5894 2.45171]
[1.79159 15.4614 2.33082]
[1.99088 14.4595 3.04665]
[1.9347 13.6979 3.24973]
[1.74488 13.0932 3.12404]
[1.98746 13.4466 2.64516]
[1.64772 13.0223 2.3746]
[1.46236 12.5075 2.23294]
[1.54796 12.0351 1.67835]
[1.99652 11.6056 1.22578]
[1.60511 11.3878 0.52462]
[1.8501 10.5033 0.378987]
[1.92173 10.3523 0.866173]
[1.77835 9.73668 1.09167]
[1.35404 9.3973 1.11397]
[1.59164 9.11856 0.705249]
[1.7061 8.74758 1.32044]
[1.38291 8.53231 1.35203]
[1.74779 8.10284 1.28337]
[1.76484 7.78352 2.07299]
[1.58003 7.55279 1.58759]
[1.49383 7.04075 1.21948]
[1.70162 6.3101 0.978121]
[1.77406 5.55567 1.15966]
[1.60726 5.76626 1.41615]
[1.67782 5.67683 1.85783]
[1.50335 5.43938 1.72758]
[1.88659 4.8936 2.50691]
[1.56085 4.56091 2.72306]
[1.9464 4.00497 2.43678]
[1.73236 3.17527 2.36659]
[1.87038 2.33551 2.31368]
[1.80747 1.82814 2.86468]
[1.99369 1.18514 2.01533]
[1.72655 0.238792 2.00552]
[1.91147 0.485555 2.78167]
[2.58061 0.501517 2.98158]
[2.45214 0.689116 3.66602]
[2.62453 1.2147 4.1391]
[3.06933 1.53379 4.42711]
[3.03444 1.97407 4.66999]
[2.56889 2.08987 4.9084]
[2.57965 2.19585 4.73514]
[2.66373 2.29744 4.61376]
[2.73623 3.07476 4.28079]
[2.41575 3.25133 4.30192]
[2.90724 4.04588 3.92142]
[2.62774 4.41873 3.72392]
[2.90951 5.09653 3.84333]
[3.07402 5.14792 3.13508]
[2.80595 5.84009 2.91151]
[2.69913 5.74812 2.2056]
[2.92415 5.93618 1.38846]
[2.84463 6.52594 0.663634]
[2.98592 7.37041 1.14233]
[2.72948 7.49879 1.20433]
[2.85347 8.30571 1.40829]
[2.60249 8.4627 1.18152]
[2.54469 8.52454 1.1479]
[2.99982 9.42504 1.22332]
[2.87421 9.56731 0.791882]
[2.55487 9.85561 0.686334]
[2.81458 10.6224 0.612952]
[2.7657 10.7224 1.19679]
[2.5758 10.9646 1.46899]
[2.46948 11.2922 1.36429]
[3.08023 12.0404 1.55586]
[2.92312 12.3097 1.9754]
[3.09143 12.5601 2.83839]
[2.6594 12.8887 2.78034]
[3.09492 13.8752 2.33541]
[2.60314 14.1868 2.43672]
[2.86962 14.9599 2.15231]
[2.75005 14.7595 2.64844]
[2.75134 15.0467 2.83053]
[2.51948 15.4874 3.00525]
[3.09259 16.2778 2.57632]
[2.55548 16.6735 2.46937]
[2.80352 16.9359 2.03398]
[2.89766 17.2275 1.50657]
[2.51799 17.4041 1.50093]
[2.6496 17.7386 1.14581]
[2.99994 17.8579 0.942031]
[3.05615 18.0591 1.22512]
[2.70283 18.6853 1.38852]
[3.62248 19.8337 2.04102]
[3.76661 19.4578 2.10025]
[4.11008 18.5721 1.48459]
[4.00373 18.6164 1.78505]
[4.17385 18.2497 1.78995]
[4.01501 17.6963 1.30066]
[3.87381 16.8412 1.12846]
[3.9226 16.8488 1.88728]
[3.74665 16.0244 1.83027]
[3.83387 15.6703 2.36852]
[4.29289 14.9938 2.32393]
[4.28965 13.9486 2.29426]
[4.25238 13.6243 3.42979]
[4.20224 12.7496 2.88412]
[4.22761 12.3905 1.76575]
[4.234 11.3061 2.18109]
[3.88203 11.5338 2.88875]
[4.18238 10.9463 3.18085]
[4.2244 10.2376 4.04958]
[4.18509 9.22896 3.6482]
[4.0202 8.94518 4.27811]
[3.94261 8.38035 4.21045]
[4.0442 8.14401 4.13606]
[3.9413 7.51834 4.56883]
[4.22356 7.38379 4.19873]
[3.88924 6.98603 4.29551]
[4.14846 6.28251 4.21626]
[3.97687 6.18819 3.66928]
[3.95967 5.9065 3.14844]
[4.24749 5.62584 2.92771]
[4.20947 5.15627 2.36714]
[4.24328 4.02122 2.72463]
[4.18182 3.20142 2.75393]
[4.1748 3.29786 2.25184]
[4.18705 3.50279 1.44023]
[4.25072 3.01548 1.09507]
[4.13235 2.53439 0.401531]
[4.00397 2.07207 0.457169]
[4.28585 1.35638 1.01421]
[4.22719 0.57292 0.558624]
[3.8 1 0.1]