[0.5 2.5 5.5]
[1.48414 2.74809 4.31685]
[2.94255 1.02167 1.02552]
[4.20859 1.06336 2.19127]
[5.74313 3.64691 4.44072]
[4.49236 3.04573 5.37133]
[5.66051 3.1789 5.94539]
[5.70366 2.23337 4.93695]
[7.32987 0.855682 3.85903]
[7.02767 2.10367 3.92257]
[7.54537 2.40258 2.4928]
[10.6321 1.90582 0.867618]
[10.6685 4.68741 2.12548]
[12.6533 3.98385 5.2552]
[13.4262 4.16738 5.79623]
[12.9527 2.65318 4.19504]
[13.7918 0.867875 2.8453]
[14.5916 0.42705 1.54555]
[13.8998 0.90848 0.575231]
[13.8511 3.40751 0.808233]
[17.1892 3.94515 2.47014]
[17.5329 3.76636 3.45114]
[16.5461 2.59888 5.52284]
[16 2.5 5.5]