[0.5 1 4.9]
[0.627217 2.34755 2.41214]
[0.635943 4.91681 0.524466]
[0.603166 9.00555 1.53478]
[0.662162 13.1952 1.96272]
[0.198326 16.32 2.00544]
[0.780975 19.2367 1.95205]
[1.18447 19.2421 1.53537]
[1.70972 18.6951 1.86075]
[1.87431 18.0602 1.59092]
[1.78836 17.0506 1.18529]
[1.6779 17.0657 1.80168]
[1.75593 16.2818 1.58972]
[1.50681 16.3323 2.1729]
[1.99399 15.5725 2.15076]
[1.89059 14.6877 2.51457]
[1.68359 14.2005 3.0363]
[1.37228 14.0553 3.64602]
[1.30405 14.148 4.18848]
[1.63978 13.6222 4.40124]
[1.60003 13.3344 4.78343]
[1.97472 13.0284 4.62675]
[1.53248 12.9081 4.59515]
[1.55418 12.4958 4.50348]
[1.85966 12.1211 3.44866]
[1.4154 11.6357 3.42818]
[1.77294 11.5905 3.97621]
[1.59219 11.5874 4.70421]
[1.45328 11.3824 4.63682]
[1.6919 10.6641 4.71038]
[1.75148 9.69596 4.96464]
[1.91115 9.31979 4.07988]
[1.94309 8.99152 3.99942]
[1.62308 8.38412 3.5993]
[1.68715 7.81995 3.77569]
[1.61046 7.63144 4.25059]
[1.24786 7.28712 4.16888]
[1.32932 7.06665 3.95169]
[1.71609 6.77618 4.46296]
[1.58532 6.65076 4.26927]
[1.65416 6.024 3.7158]
[1.44164 5.77152 3.96334]
[1.88851 5.50486 3.86682]
[1.92584 4.91607 3.38335]
[1.9025 4.75816 3.09399]
[1.90178 4.10463 2.78633]
[1.46562 3.90602 2.68743]
[1.29712 3.83053 2.23543]
[1.80003 3.70863 1.45098]
[1.98084 3.32194 0.784913]
[1.67543 2.8589 0.548539]
[1.20678 2.43299 0.292772]
[1.68416 1.12382 0.58208]
[2.11963 0.099602 0.65902]
[1.76335 0.438431 1.81413]
[2.1213 0.361336 2.94801]
[2.41662 1.4117 3.53496]
[2.70832 1.84074 3.58623]
[2.7593 2.22125 3.2317]
[2.53865 2.60215 3.89288]
[2.37143 3.11304 4.58434]
[2.4281 3.90275 4.10451]
[2.5385 4.11617 3.93295]
[2.37404 4.9312 4.09699]
[2.33341 5.55735 3.48985]
[2.46652 5.3947 2.55106]
[2.82225 5.79604 1.9307]
[2.56466 6.32629 1.57566]
[2.73165 6.81586 1.40924]
[2.41734 6.99161 1.2993]
[2.39114 7.71524 1.37788]
[2.31437 7.55181 2.44209]
[2.54301 7.93113 2.54819]
[2.74167 8.54725 2.39412]
[2.36446 8.86133 2.90834]
[2.36348 9.1905 3.43136]
[2.3076 9.48412 3.42746]
[2.71988 9.71231 3.34272]
[2.36183 10.2762 3.19953]
[2.30911 10.8466 3.12779]
[2.31359 11.658 2.24538]
[2.40674 11.5768 1.46035]
[2.75739 11.9652 1.55625]
[2.80704 12.3295 1.94783]
[2.61544 12.4822 2.01471]
[2.43592 12.4563 1.79732]
[2.43732 12.5189 2.42991]
[2.31226 12.33 3.03445]
[2.61128 12.6612 3.42071]
[2.68775 13.1898 3.55713]
[2.80454 13.3391 3.89246]
[2.97777 13.6032 3.23482]
[2.96959 14.1475 2.94942]
[2.41601 14.5824 2.79706]
[2.66855 15.0006 3.94631]
[2.33477 15.6857 3.40926]
[2.67423 16.5541 2.62054]
[2.89852 17.5914 3.21542]
[2.62785 18.6956 3.0431]
[2.6422 18.5866 4.03854]
[3.33925 19.7011 3.2113]
[3.58063 17.6458 0.524446]
[3.77316 13.4461 0.779983]
[3.74298 9.28009 1.39884]
[3.73354 5.20473 0.335374]
[3.8 1 0.1]