[0.5 1 4.9]
[0.523794 4.82682 4.75706]
[0.606539 8.54547 4.54478]
[0.680937 11.4376 4.36827]
[0.706394 13.7293 4.25295]
[0.714787 14.076 4.23417]
[0.715735 14.5714 4.21269]
[0.702692 16.508 4.08078]
[0.766229 17.9592 3.95449]
[0.864733 19.0647 3.89413]
[1.20747 19.1427 4.02892]
[1.27212 18.5494 4.12146]
[1.31656 17.8078 4.22089]
[1.3186 17.1625 4.23415]
[1.41657 15.9267 4.25508]
[1.41523 14.8523 4.16321]
[1.48111 14.1302 4.10981]
[1.52309 13.3687 4.01629]
[1.49543 12.5758 4.00505]
[1.57876 11.5693 3.90388]
[1.55781 10.6028 3.82626]
[1.57927 9.54817 3.75802]
[1.58717 8.69381 3.67661]
[1.68661 7.50403 3.58248]
[1.74574 6.74968 3.50068]
[1.79655 5.99196 3.42365]
[1.82985 4.81882 3.34914]
[1.82623 4.22471 3.32483]
[1.89221 2.78875 3.27456]
[1.83832 1.49511 3.24487]
[2.02525 0.879182 3.33653]
[2.29945 0.890104 3.4651]
[2.44797 2.56215 3.24611]
[2.55331 3.85589 2.97501]
[2.68564 4.92749 2.82303]
[2.7259 6.40726 2.64072]
[2.79567 7.85969 2.50576]
[2.7734 8.91209 2.33837]
[2.78273 10.5509 2.15637]
[2.79588 11.0002 2.11188]
[2.85036 12.2868 1.92153]
[2.87767 13.321 1.73379]
[2.96225 15.0256 1.5138]
[3.01254 16.1227 1.351]
[3.03742 17.2694 1.17275]
[3.0062 18.7799 0.984528]
[3.19305 19.1333 0.965882]
[3.31287 19.1713 0.969787]
[3.48796 18.8843 0.854853]
[3.64934 17.147 0.722723]
[3.67745 15.9729 0.628079]
[3.77032 14.5124 0.486278]
[3.74763 12.8154 0.33348]
[3.72144 11.2048 0.272896]
[3.734 9.65804 0.154912]
[3.73199 9.05694 0.127102]
[3.67421 7.77397 0.164024]
[3.68315 6.04927 0.0506006]
[3.72341 5.10539 0.0973208]
[3.77466 4.09051 0.0906434]
[3.88994 1.99175 0.0451765]
[3.8 1 0.1]