110.10000000000001
61.3
110.10000000000001
110.10000000000001
110.10000000000001
110.10000000000001
110.10000000000001
110.10000000000001
110.10000000000001
110.10000000000001
110.10000000000001
110.10000000000001
110.10000000000001
110.10000000000001
110.10000000000001
110.10000000000001
110.10000000000001
110.10000000000001
110.10000000000001
110.10000000000001
110.10000000000001
110.10000000000001
110.10000000000001
110.10000000000001
110.10000000000001
110.10000000000001
110.10000000000001
110.10000000000001
