2.480841875076294
2.4926817417144775
2.483380079269409
2.452209711074829
2.46022629737854
2.444382429122925
2.4885408878326416
2.9894983768463135
3.0731143951416016
2.980517625808716
3.1246185302734375
3.1883296966552734
3.1280791759490967
3.0441575050354004
3.4686319828033447
3.360483407974243
3.0083465576171875
3.364339828491211
2.868834972381592
2.944408893585205
2.7760560512542725
2.9801650047302246
3.124298572540283
3.2002885341644287
2.820389986038208
2.736440658569336
2.756603240966797
2.8483521938323975
2.8044891357421875
2.9663655757904053
2.9803690910339355
2.9323418140411377
2.6884944438934326
2.8869969844818115
