756.766033411026
589.1125411987305
500.2476279735565
434.3892385959625
555.9467701911926
560.5561697483063
550.0508456230164
564.6390514373779
470.6154897212982
478.5999872684479
583.6250195503235
579.8246405124664
559.7176949977875
551.5424263477325
555.4863314628601
535.3290119171143
516.6491513252258
545.1139047145844
564.517858505249
576.4346373081207
562.293121099472
543.1028869152069
467.1769609451294
435.6689987182617
436.27698850631714
436.3099915981293
446.680038690567
454.2860059738159
