106.78395891189575
110.22399735450745
111.50012135505676
109.51503252983093
115.76295471191406
115.4760332107544
115.12001132965088
117.29700040817261
114.04398894309998
114.57199954986572
117.96098828315735
114.89899277687073
114.96305131912231
117.15698766708374
115.10500502586365
117.78495740890503
116.71499991416931
115.23900890350342
120.98500871658325
115.8760359287262
233.80661296844482
141.008686542511
251.27462649345398
240.12102103233337
249.01916813850403
244.9271640777588
230.59302067756653
254.48056530952454
249.45800399780273
222.6953902244568
244.143807888031
246.46758675575256
233.75949788093567
247.05788660049438
214.99164628982544
202.07577419281006
212.23658657073975
234.75776553153992
230.44443583488464
241.1731333732605
230.1407356262207
239.59505486488342
239.79967999458313
