493.6970479488373
528.256364107132
539.2729907035828
557.66903424263
519.0559997558594
530.7250356674194
517.9820630550385
516.8259315490723
514.639997959137
514.2599513530731
520.2779886722565
518.1440119743347
514.0119891166687
522.7689883708954
514.8219912052155
518.5529544353485
520.2459874153137
1100.9221127033234
779.390825510025
497.90566325187683
501.65999388694763
491.70199942588806
487.7160029411316
509.562433719635
495.3310053348541
10077.730783939362
1067.7274053096771
1119.7046024799347
1148.3968188762665
741.7281248569489
1017.9683022499084
